GATE: passed (reduce-adoptpi.mjs's gate and the fair-gate stamp check over results/diagadoptpi); planted: passed
O97 OVER ADOPT-PI'S TRACES: PCLSI less SNAP per path at death tax 0, paired; the cap = 4 x the opening account balances (solve.js beqCap); the tail = paths ending above the cap in either arm
  household        cap        mean tax   mean net    median dnet  dmedian net  dcapped net | tail paths  tail share of dnet  of dtax | body mean dtax | tail & SNAP hold >= 9 y: paths  mean dtax  mean dnet | top 5 share of dnet
  share 0.50         3799996       3998     -22458            0          532         -111 |       0.45               1.00     1.01 |            -54 |                            263      66018    -371547 | 0.10
  share 0.70         3800000       7508     -38599            0        -3062         -474 |       0.46               1.00     1.03 |           -368 |                            577      66818    -326512 | 0.11
  share 0.78         3800004       1038      -2866            0            0         -467 |       0.29               0.84     1.12 |           -181 |                             81      60648    -140083 | 0.14
  share 0.90         3800004      16507     -80864        -1371        -7941        -1357 |       0.45               0.98     1.05 |          -1424 |                           1325      76842    -337661 | 0.04
  share 0.95         3799996      15741     -79740            0        -1632         -837 |       0.38               0.98     1.03 |           -854 |                           1250      76195    -353839 | 0.00
  bridge 0           3800000      11480     -71151            0        -7555         -324 |       0.46               1.00     1.04 |           -761 |                            903      72048    -416982 | 0.06
  bridge 1           3800000      13634     -98555            0        -7017        -1271 |       0.46               0.98     1.05 |          -1293 |                           1069      76792    -493083 | -0.02
  bridge 6           3800000       3933     -21197            0        -5867        -3376 |       0.36               0.84     1.32 |          -1979 |                            499      66345    -148161 | 0.05
  wealth x0.5        1900000      -1241     -20144           -2        -4751        -3862 |       0.16               0.81    -0.39 |          -2068 |                             83      70690    -522696 | 0.11
  wealth x2          7600000       2247      -3156            0            0          -12 |       0.41               1.00     1.00 |             -4 |                            192      56353     -97892 | 0.11
  S120                720000         97       -151            0            0            1 |       0.44               1.01     1.00 |              0 |                              3      70440    -165405 | 0.76
  S122                720000        667      -3593            0            0           10 |       0.46               1.00     1.00 |             -2 |                             55      44727    -257702 | 0.36
  S126               3800000       1535      -5091            0        -5743        -1456 |       0.30               0.71     1.23 |           -500 |                            181      56631    -110824 | 0.10
  bridge 4           3800000       2198     -11948            0        -5072        -2520 |       0.33               0.79     1.39 |          -1273 |                            293      63505    -124174 | 0.05
  S360                720000       2822     -14794            0            0            1 |       0.28               1.00     1.00 |              0 |                            170      80210    -434896 | 0.06
  S194                720000         -6       -132            0          400          -19 |       0.29               0.86     1.00 |             -0 |                             13          1         -1 | 0.62
  S124               1800000       -119      -5273            0         -810        -1250 |       0.18               0.77    -0.40 |           -203 |                              4      15870    -197822 | 0.06
  S128               3800000     -72204      17475            0        -5604        19389 |       0.08              -0.08     0.11 |         -69241 |                            361    -109107     -62704 | -0.06
  S130               9600000    -321013     261977       159349       210476       198831 |       0.15               0.27     0.22 |        -295018 |                            883    -456857     442188 | -0.02
  S366               3800000       7003     -23594            0       -12916        -3822 |       0.37               0.84     1.17 |          -1883 |                            722      67413    -129151 | 0.01
  S370               9600000     -38502     705183         8343       158062       123191 |       0.22               0.84     0.18 |         -40264 |                             17     802822  132990717 | 0.52
  bridge 4+cost      3800000      22542    -198640        -4959         6323          520 |       0.45               1.00     1.04 |          -1517 |                           1493      93856    -759799 | 0.07
  S162               3800000       4690     -23292            0            0           36 |       0.40               1.00     0.99 |             84 |                            335      64663    -356241 | 0.11
  S172               1800000         12       -231            0            0          -89 |       0.12               0.63     1.00 |              0 |                              0          0          0 | 0.30
  S168                720000        591      -2295            0            0           -0 |       0.58               1.00     1.00 |              0 |                            102      20851    -101656 | 0.40
